$ 1 0.000005 10.20027730826997 50 5 43
r 368 320 368 272 0 10
s 144 240 208 240 0 1 false
g 256 320 256 336 0
r 256 320 256 272 0 1000000
w 256 320 368 320 0
162 368 224 368 272 1 2.1024259 1 0 0 0.01
R 368 224 368 192 0 0 40 5 0 0 0.5
x 351 184 437 187 4 24 LEDPIN
R 144 240 144 224 0 0 40 5 0 0 0.5
x 97 204 174 207 4 24 5V\sRail
368 256 240 256 208 0 0
w 256 240 256 272 0
w 208 240 256 240 0
x 174 179 331 182 4 24 CONTROLPIN
R 144 320 112 320 0 0 40 3.3 0 0 0.5
x 30 352 142 355 4 24 PC\sOutput
s 144 320 208 320 0 1 false
d 208 320 208 240 1 0.805904783
o 10 64 0 4099 5 6.4 0 2 10 3

Paste lines 1-20 in https://www.falstad.com/circuit/ to get a diagram

Note that the servo motor control is not shown here.

Or use https://www.falstad.com/circuit/circuitjs.html?cct=$+1+0.000005+10.20027730826997+50+5+43%0Ar+368+320+368+272+0+10%0As+144+240+208+240+0+1+false%0Ag+256+320+256+336+0%0Ar+256+320+256+272+0+1000000%0Aw+256+320+368+320+0%0A162+368+224+368+272+1+2.1024259+1+0+0+0.01%0AR+368+224+368+192+0+0+40+5+0+0+0.5%0Ax+351+184+437+187+4+24+LEDPIN%0AR+144+240+144+224+0+0+40+5+0+0+0.5%0Ax+97+204+174+207+4+24+5V%5CsRail%0A368+256+240+256+208+0+0%0Aw+256+240+256+272+0%0Aw+208+240+256+240+0%0Ax+174+179+331+182+4+24+CONTROLPIN%0AR+144+320+112+320+0+0+40+3.3+0+0+0.5%0Ax+30+352+142+355+4+24+PC%5CsOutput%0As+144+320+208+320+0+1+false%0Ad+208+320+208+240+1+0.805904783%0Ao+10+64+0+4099+5+6.4+0+2+10+3%0A
